##RenderMan RIB-Structure 1.0
##CreationDate Mon Nov 29 12:09:23 1993
##For gritz
version 3.03
Option "searchpath" "shader" [".:../shaders:&"]
Declare "lightwood" "color"
Declare "darkwood" "color"
FrameBegin 0
Display "f000.tif" "file" "rgb"
Projection "perspective"  "fov" 23 
ConcatTransform  [ 0.990148 -0.00980392 -0.0990148 0 -0.0990148 -0.0980392 -0.990148 0 0 0.990196 -0.0990147 0 0 0 0 1  ] 
Translate -0.2 -2 -0.5 
WorldBegin
LightSource "distantlight" 1  "intensity" 0.75  "from"  [ 1 1 1  ]  "to"  [ 0 0 0  ]  "lightcolor"  [ 1 1 1  ] 
LightSource "ambientlight" 2  "intensity" 0.3 
AttributeBegin
Color  [ 0.691 0.576 0.345  ] 
Surface "wood2" 
TransformBegin
Translate 0 -0.5 0 
ConcatTransform  [ 1 -1 0 0 1 1 0 0 0 0 1 0 0 0 0 1  ] 
Cylinder 0.008 0 0.6 360
TransformEnd
TransformBegin
Translate 0 0.5 0 
ConcatTransform  [ 1 -1 0 0 1 1 0 0 0 0 1 0 0 0 0 1  ] 
Cylinder 0.008 0 0.6 360
TransformEnd
Translate 0 0 0.4 
TransformBegin
Rotate 90 1 0 0 
Surface "wood2" 
TransformEnd
TransformBegin
Translate 0 -0.5 0 
ConcatTransform  [ -1 0 1 0 1 0 1 0 0 1 0 0 0 0 0 1  ] 
Cylinder 0.005 0 1 360
TransformEnd
AttributeEnd
AttributeBegin
TransformBegin
Color [ .65 .65 .5]
Surface "matte" 
Translate 0 0 -0.008 
Scale 0.5 0.5 1
Polygon "P" [ -1 1 0 -1 -1 0 1 -1 0 1 1 0  ] 
TransformEnd
Translate -0.29591 -3.15821e-16 -0.00392845 
ConcatTransform  [ 0.999996 6.35897e-16 0.00277696 0 -6.65381e-16 1 1.06166e-14 0 -0.00277696 -1.06185e-14 0.999996 0 0 0 0 1  ] 
Color  [ 0.75 0.75 0.75  ] 
Surface "matte" 
TransformBegin
Rotate 180 0 1 0 
Disk 0 0.15 360
TransformEnd
Cylinder 0.15 0 0.04 360
Disk 0.04 0.15 360
Cylinder 0.02 0.04 0.08 360
Disk 0.08 0.02 360
Translate 0 0 0.07 
ConcatTransform  [ 0.725392 4.68985e-14 0.688336 0 -2.33284e-15 1 -6.56748e-14 0 -0.688336 4.60342e-14 0.725392 0 0 0 0 1  ] 
Color  [ 0.75 0.75 0.75  ] 
Cylinder 0.02 0 0.2 360
Translate 0 0 0.2 
ConcatTransform  [ 0.0409194 2.54389e-14 -0.999162 0 7.78215e-14 1 2.86473e-14 0 0.999162 -7.89285e-14 0.0409194 0 0 0 0 1  ] 
Color  [ 0.75 0.75 0.75  ] 
Cylinder 0.02 0 0.2 360
Translate 0 0 0.2 
ConcatTransform  [ -0.0172522 -3.76901e-14 -0.999851 0 -1.85537e-14 1 -3.73756e-14 0 0.999851 1.79061e-14 -0.0172522 0 0 0 0 1  ] 
Color  [ 0.75 0.75 0.75  ] 
Disk 0.02 0.04 360
Cylinder 0.04 0.02 0.09 360
Hyperboloid 0.04 0 0.09  0.09 0 0.16  360
AttributeEnd
WorldEnd
FrameEnd
FrameBegin 1
Display "f001.tif" "file" "rgb"
Projection "perspective"  "fov" 23 
ConcatTransform  [ 0.990148 -0.00980392 -0.0990148 0 -0.0990148 -0.0980392 -0.990148 0 0 0.990196 -0.0990147 0 0 0 0 1  ] 
Translate -0.2 -2 -0.5 
WorldBegin
LightSource "distantlight" 3  "intensity" 0.75  "from"  [ 1 1 1  ]  "to"  [ 0 0 0  ]  "lightcolor"  [ 1 1 1  ] 
LightSource "ambientlight" 4  "intensity" 0.3 
AttributeBegin
Color  [ 0.691 0.576 0.345  ] 
Surface "wood2" 
TransformBegin
Translate 0 -0.5 0 
ConcatTransform  [ 1 -1 0 0 1 1 0 0 0 0 1 0 0 0 0 1  ] 
Cylinder 0.008 0 0.6 360
TransformEnd
TransformBegin
Translate 0 0.5 0 
ConcatTransform  [ 1 -1 0 0 1 1 0 0 0 0 1 0 0 0 0 1  ] 
Cylinder 0.008 0 0.6 360
TransformEnd
Translate 0 0 0.4 
TransformBegin
Rotate 90 1 0 0 
Surface "wood2" 
TransformEnd
TransformBegin
Translate 0 -0.5 0 
ConcatTransform  [ -1 0 1 0 1 0 1 0 0 1 0 0 0 0 0 1  ] 
Cylinder 0.005 0 1 360
TransformEnd
AttributeEnd
AttributeBegin
TransformBegin
Color [ .65 .65 .5]
Surface "matte" 
Translate 0 0 -0.008 
Scale 0.5 0.5 1
Polygon "P" [ -1 1 0 -1 -1 0 1 -1 0 1 1 0  ] 
TransformEnd
Translate -0.298096 -4.0138e-16 -0.00741951 
ConcatTransform  [ 0.999992 9.055e-16 0.00395234 0 -9.5071e-16 1 1.1437e-14 0 -0.00395234 -1.14407e-14 0.999992 0 0 0 0 1  ] 
Color  [ 0.75 0.75 0.75  ] 
Surface "matte" 
TransformBegin
Rotate 180 0 1 0 
Disk 0 0.15 360
TransformEnd
Cylinder 0.15 0 0.04 360
Disk 0.04 0.15 360
Cylinder 0.02 0.04 0.08 360
Disk 0.08 0.02 360
Translate 0 0 0.07 
ConcatTransform  [ 0.806909 4.95571e-14 0.590676 0 -3.76404e-15 1 -7.87569e-14 0 -0.590676 6.13263e-14 0.806909 0 0 0 0 1  ] 
Color  [ 0.75 0.75 0.75  ] 
Cylinder 0.02 0 0.2 360
Translate 0 0 0.2 
ConcatTransform  [ 0.24994 1.7113e-14 -0.968261 0 9.28809e-14 1 4.16496e-14 0 0.968261 -1.00343e-13 0.24994 0 0 0 0 1  ] 
Color  [ 0.75 0.75 0.75  ] 
Cylinder 0.02 0 0.2 360
Translate 0 0 0.2 
ConcatTransform  [ -0.192117 -4.94238e-14 -0.981372 0 -2.94863e-14 1 -4.45896e-14 0 0.981372 2.03706e-14 -0.192117 0 0 0 0 1  ] 
Color  [ 0.75 0.75 0.75  ] 
Disk 0.02 0.04 360
Cylinder 0.04 0.02 0.09 360
Hyperboloid 0.04 0 0.09  0.09 0 0.16  360
AttributeEnd
WorldEnd
FrameEnd
FrameBegin 2
Display "f002.tif" "file" "rgb"
Projection "perspective"  "fov" 23 
ConcatTransform  [ 0.990148 -0.00980392 -0.0990148 0 -0.0990148 -0.0980392 -0.990148 0 0 0.990196 -0.0990147 0 0 0 0 1  ] 
Translate -0.2 -2 -0.5 
WorldBegin
LightSource "distantlight" 5  "intensity" 0.75  "from"  [ 1 1 1  ]  "to"  [ 0 0 0  ]  "lightcolor"  [ 1 1 1  ] 
LightSource "ambientlight" 6  "intensity" 0.3 
AttributeBegin
Color  [ 0.691 0.576 0.345  ] 
Surface "wood2" 
TransformBegin
Translate 0 -0.5 0 
ConcatTransform  [ 1 -1 0 0 1 1 0 0 0 0 1 0 0 0 0 1  ] 
Cylinder 0.008 0 0.6 360
TransformEnd
TransformBegin
Translate 0 0.5 0 
ConcatTransform  [ 1 -1 0 0 1 1 0 0 0 0 1 0 0 0 0 1  ] 
Cylinder 0.008 0 0.6 360
TransformEnd
Translate 0 0 0.4 
TransformBegin
Rotate 90 1 0 0 
Surface "wood2" 
TransformEnd
TransformBegin
Translate 0 -0.5 0 
ConcatTransform  [ -1 0 1 0 1 0 1 0 0 1 0 0 0 0 0 1  ] 
Cylinder 0.005 0 1 360
TransformEnd
AttributeEnd
AttributeBegin
TransformBegin
Color [ .65 .65 .5]
Surface "matte" 
Translate 0 0 -0.008 
Scale 0.5 0.5 1
Polygon "P" [ -1 1 0 -1 -1 0 1 -1 0 1 1 0  ] 
TransformEnd
Translate -0.299711 -4.05318e-16 -0.0013617 
ConcatTransform  [ 1 9.67986e-16 -0.000335714 0 -9.64098e-16 1 1.15804e-14 0 0.000335714 -1.15801e-14 1 0 0 0 0 1  ] 
Color  [ 0.75 0.75 0.75  ] 
Surface "matte" 
TransformBegin
Rotate 180 0 1 0 
Disk 0 0.15 360
TransformEnd
Cylinder 0.15 0 0.04 360
Disk 0.04 0.15 360
Cylinder 0.02 0.04 0.08 360
Disk 0.08 0.02 360
Translate 0 0 0.07 
ConcatTransform  [ 0.870997 4.51706e-14 0.491287 0 -4.76163e-15 1 -8.35015e-14 0 -0.491287 7.03903e-14 0.870997 0 0 0 0 1  ] 
Color  [ 0.75 0.75 0.75  ] 
Cylinder 0.02 0 0.2 360
Translate 0 0 0.2 
ConcatTransform  [ 0.447873 3.3984e-15 -0.894097 0 9.72409e-14 1 5.25111e-14 0 0.894097 -1.10461e-13 0.447873 0 0 0 0 1  ] 
Color  [ 0.75 0.75 0.75  ] 
Cylinder 0.02 0 0.2 360
Translate 0 0 0.2 
ConcatTransform  [ -0.25719 -5.56868e-14 -0.966361 0 -4.16125e-14 1 -4.65504e-14 0 0.966361 2.82405e-14 -0.25719 0 0 0 0 1  ] 
Color  [ 0.75 0.75 0.75  ] 
Disk 0.02 0.04 360
Cylinder 0.04 0.02 0.09 360
Hyperboloid 0.04 0 0.09  0.09 0 0.16  360
AttributeEnd
WorldEnd
FrameEnd
FrameBegin 3
Display "f003.tif" "file" "rgb"
Projection "perspective"  "fov" 23 
ConcatTransform  [ 0.990148 -0.00980392 -0.0990148 0 -0.0990148 -0.0980392 -0.990148 0 0 0.990196 -0.0990147 0 0 0 0 1  ] 
Translate -0.2 -2 -0.5 
WorldBegin
LightSource "distantlight" 7  "intensity" 0.75  "from"  [ 1 1 1  ]  "to"  [ 0 0 0  ]  "lightcolor"  [ 1 1 1  ] 
LightSource "ambientlight" 8  "intensity" 0.3 
AttributeBegin
Color  [ 0.691 0.576 0.345  ] 
Surface "wood2" 
TransformBegin
Translate 0 -0.5 0 
ConcatTransform  [ 1 -1 0 0 1 1 0 0 0 0 1 0 0 0 0 1  ] 
Cylinder 0.008 0 0.6 360
TransformEnd
TransformBegin
Translate 0 0.5 0 
ConcatTransform  [ 1 -1 0 0 1 1 0 0 0 0 1 0 0 0 0 1  ] 
Cylinder 0.008 0 0.6 360
TransformEnd
Translate 0 0 0.4 
TransformBegin
Rotate 90 1 0 0 
Surface "wood2" 
TransformEnd
TransformBegin
Translate 0 -0.5 0 
ConcatTransform  [ -1 0 1 0 1 0 1 0 0 1 0 0 0 0 0 1  ] 
Cylinder 0.005 0 1 360
TransformEnd
AttributeEnd
AttributeBegin
TransformBegin
Color [ .65 .65 .5]
Surface "matte" 
Translate 0 0 -0.008 
Scale 0.5 0.5 1
Polygon "P" [ -1 1 0 -1 -1 0 1 -1 0 1 1 0  ] 
TransformEnd
Translate -0.298293 -3.68064e-16 0.0145511 
ConcatTransform  [ 0.993567 6.96353e-16 -0.113243 0 5.67227e-16 1 1.11259e-14 0 0.113243 -1.11186e-14 0.993567 0 0 0 0 1  ] 
Color  [ 0.75 0.75 0.75  ] 
Surface "matte" 
TransformBegin
Rotate 180 0 1 0 
Disk 0 0.15 360
TransformEnd
Cylinder 0.15 0 0.04 360
Disk 0.04 0.15 360
Cylinder 0.02 0.04 0.08 360
Disk 0.08 0.02 360
Translate 0 0 0.07 
ConcatTransform  [ 0.765755 5.27868e-14 0.643133 0 -1.42932e-15 1 -8.03757e-14 0 -0.643133 6.06288e-14 0.765755 0 0 0 0 1  ] 
Color  [ 0.75 0.75 0.75  ] 
Cylinder 0.02 0 0.2 360
Translate 0 0 0.2 
ConcatTransform  [ 0.377897 4.55037e-15 -0.925848 0 9.32096e-14 1 4.29595e-14 0 0.925848 -1.02532e-13 0.377897 0 0 0 0 1  ] 
Color  [ 0.75 0.75 0.75  ] 
Cylinder 0.02 0 0.2 360
Translate 0 0 0.2 
ConcatTransform  [ -0.144725 -4.55585e-14 -0.989472 0 -3.65713e-14 1 -4.06942e-14 0 0.989472 3.02969e-14 -0.144725 0 0 0 0 1  ] 
Color  [ 0.75 0.75 0.75  ] 
Disk 0.02 0.04 360
Cylinder 0.04 0.02 0.09 360
Hyperboloid 0.04 0 0.09  0.09 0 0.16  360
AttributeEnd
WorldEnd
FrameEnd
FrameBegin 4
Display "f004.tif" "file" "rgb"
Projection "perspective"  "fov" 23 
ConcatTransform  [ 0.990148 -0.00980392 -0.0990148 0 -0.0990148 -0.0980392 -0.990148 0 0 0.990196 -0.0990147 0 0 0 0 1  ] 
Translate -0.2 -2 -0.5 
WorldBegin
LightSource "distantlight" 9  "intensity" 0.75  "from"  [ 1 1 1  ]  "to"  [ 0 0 0  ]  "lightcolor"  [ 1 1 1  ] 
LightSource "ambientlight" 10  "intensity" 0.3 
AttributeBegin
Color  [ 0.691 0.576 0.345  ] 
Surface "wood2" 
TransformBegin
Translate 0 -0.5 0 
ConcatTransform  [ 1 -1 0 0 1 1 0 0 0 0 1 0 0 0 0 1  ] 
Cylinder 0.008 0 0.6 360
TransformEnd
TransformBegin
Translate 0 0.5 0 
ConcatTransform  [ 1 -1 0 0 1 1 0 0 0 0 1 0 0 0 0 1  ] 
Cylinder 0.008 0 0.6 360
TransformEnd
Translate 0 0 0.4 
TransformBegin
Rotate 90 1 0 0 
Surface "wood2" 
TransformEnd
TransformBegin
Translate 0 -0.5 0 
ConcatTransform  [ -1 0 1 0 1 0 1 0 0 1 0 0 0 0 0 1  ] 
Cylinder 0.005 0 1 360
TransformEnd
AttributeEnd
AttributeBegin
TransformBegin
Color [ .65 .65 .5]
Surface "matte" 
Translate 0 0 -0.008 
Scale 0.5 0.5 1
Polygon "P" [ -1 1 0 -1 -1 0 1 -1 0 1 1 0  ] 
TransformEnd
Translate -0.292564 -3.63795e-16 0.0360736 
ConcatTransform  [ 0.996359 1.20236e-15 -0.0852589 0 -2.74061e-16 1 1.08997e-14 0 0.0852589 -1.08367e-14 0.996359 0 0 0 0 1  ] 
Color  [ 0.75 0.75 0.75  ] 
Surface "matte" 
TransformBegin
Rotate 180 0 1 0 
Disk 0 0.15 360
TransformEnd
Cylinder 0.15 0 0.04 360
Disk 0.04 0.15 360
Cylinder 0.02 0.04 0.08 360
Disk 0.08 0.02 360
Translate 0 0 0.07 
ConcatTransform  [ 0.668491 5.00215e-14 0.743721 0 3.86706e-15 1 -7.07343e-14 0 -0.743721 5.01612e-14 0.668491 0 0 0 0 1  ] 
Color  [ 0.75 0.75 0.75  ] 
Cylinder 0.02 0 0.2 360
Translate 0 0 0.2 
ConcatTransform  [ 0.106594 2.39249e-14 -0.994303 0 8.40971e-14 1 3.30776e-14 0 0.994303 -8.71438e-14 0.106594 0 0 0 0 1  ] 
Color  [ 0.75 0.75 0.75  ] 
Cylinder 0.02 0 0.2 360
Translate 0 0 0.2 
ConcatTransform  [ -0.00122363 -3.92616e-14 -0.999999 0 -2.42274e-14 1 -3.9232e-14 0 0.999999 2.41794e-14 -0.00122363 0 0 0 0 1  ] 
Color  [ 0.75 0.75 0.75  ] 
Disk 0.02 0.04 360
Cylinder 0.04 0.02 0.09 360
Hyperboloid 0.04 0 0.09  0.09 0 0.16  360
AttributeEnd
WorldEnd
FrameEnd
FrameBegin 5
Display "f005.tif" "file" "rgb"
Projection "perspective"  "fov" 23 
ConcatTransform  [ 0.990148 -0.00980392 -0.0990148 0 -0.0990148 -0.0980392 -0.990148 0 0 0.990196 -0.0990147 0 0 0 0 1  ] 
Translate -0.2 -2 -0.5 
WorldBegin
LightSource "distantlight" 11  "intensity" 0.75  "from"  [ 1 1 1  ]  "to"  [ 0 0 0  ]  "lightcolor"  [ 1 1 1  ] 
LightSource "ambientlight" 12  "intensity" 0.3 
AttributeBegin
Color  [ 0.691 0.576 0.345  ] 
Surface "wood2" 
TransformBegin
Translate 0 -0.5 0 
ConcatTransform  [ 1 -1 0 0 1 1 0 0 0 0 1 0 0 0 0 1  ] 
Cylinder 0.008 0 0.6 360
TransformEnd
TransformBegin
Translate 0 0.5 0 
ConcatTransform  [ 1 -1 0 0 1 1 0 0 0 0 1 0 0 0 0 1  ] 
Cylinder 0.008 0 0.6 360
TransformEnd
Translate 0 0 0.4 
TransformBegin
Rotate 90 1 0 0 
Surface "wood2" 
TransformEnd
TransformBegin
Translate 0 -0.5 0 
ConcatTransform  [ -1 0 1 0 1 0 1 0 0 1 0 0 0 0 0 1  ] 
Cylinder 0.005 0 1 360
TransformEnd
AttributeEnd
AttributeBegin
TransformBegin
Color [ .65 .65 .5]
Surface "matte" 
Translate 0 0 -0.008 
Scale 0.5 0.5 1
Polygon "P" [ -1 1 0 -1 -1 0 1 -1 0 1 1 0  ] 
TransformEnd
Translate -0.283763 -3.50769e-16 0.0574316 
ConcatTransform  [ 0.993511 5.5504e-17 0.11374 0 -1.26969e-15 1 1.06027e-14 0 -0.11374 -1.06783e-14 0.993511 0 0 0 0 1  ] 
Color  [ 0.75 0.75 0.75  ] 
Surface "matte" 
TransformBegin
Rotate 180 0 1 0 
Disk 0 0.15 360
TransformEnd
Cylinder 0.15 0 0.04 360
Disk 0.04 0.15 360
Cylinder 0.02 0.04 0.08 360
Disk 0.08 0.02 360
Translate 0 0 0.07 
ConcatTransform  [ 0.734988 4.25946e-14 0.678081 0 -2.11527e-15 1 -6.05236e-14 0 -0.678081 4.30498e-14 0.734988 0 0 0 0 1  ] 
Color  [ 0.75 0.75 0.75  ] 
Cylinder 0.02 0 0.2 360
Translate 0 0 0.2 
ConcatTransform  [ -0.232379 4.04646e-14 -0.972625 0 7.29752e-14 1 2.41683e-14 0 0.972625 -6.53613e-14 -0.232379 0 0 0 0 1  ] 
Color  [ 0.75 0.75 0.75  ] 
Cylinder 0.02 0 0.2 360
Translate 0 0 0.2 
ConcatTransform  [ 0.134695 -3.71944e-14 -0.990887 0 -1.38215e-14 1 -3.94153e-14 0 0.990887 1.90046e-14 0.134695 0 0 0 0 1  ] 
Color  [ 0.75 0.75 0.75  ] 
Disk 0.02 0.04 360
Cylinder 0.04 0.02 0.09 360
Hyperboloid 0.04 0 0.09  0.09 0 0.16  360
AttributeEnd
WorldEnd
FrameEnd
FrameBegin 6
Display "f006.tif" "file" "rgb"
Projection "perspective"  "fov" 23 
ConcatTransform  [ 0.990148 -0.00980392 -0.0990148 0 -0.0990148 -0.0980392 -0.990148 0 0 0.990196 -0.0990147 0 0 0 0 1  ] 
Translate -0.2 -2 -0.5 
WorldBegin
LightSource "distantlight" 13  "intensity" 0.75  "from"  [ 1 1 1  ]  "to"  [ 0 0 0  ]  "lightcolor"  [ 1 1 1  ] 
LightSource "ambientlight" 14  "intensity" 0.3 
AttributeBegin
Color  [ 0.691 0.576 0.345  ] 
Surface "wood2" 
TransformBegin
Translate 0 -0.5 0 
ConcatTransform  [ 1 -1 0 0 1 1 0 0 0 0 1 0 0 0 0 1  ] 
Cylinder 0.008 0 0.6 360
TransformEnd
TransformBegin
Translate 0 0.5 0 
ConcatTransform  [ 1 -1 0 0 1 1 0 0 0 0 1 0 0 0 0 1  ] 
Cylinder 0.008 0 0.6 360
TransformEnd
Translate 0 0 0.4 
TransformBegin
Rotate 90 1 0 0 
Surface "wood2" 
TransformEnd
TransformBegin
Translate 0 -0.5 0 
ConcatTransform  [ -1 0 1 0 1 0 1 0 0 1 0 0 0 0 0 1  ] 
Cylinder 0.005 0 1 360
TransformEnd
AttributeEnd
AttributeBegin
TransformBegin
Color [ .65 .65 .5]
Surface "matte" 
Translate 0 0 -0.008 
Scale 0.5 0.5 1
Polygon "P" [ -1 1 0 -1 -1 0 1 -1 0 1 1 0  ] 
TransformEnd
Translate -0.275049 -3.41064e-16 0.0734006 
ConcatTransform  [ 0.958998 -1.26614e-15 0.283414 0 -1.77716e-15 1 1.04809e-14 0 -0.283414 -1.05548e-14 0.958998 0 0 0 0 1  ] 
Color  [ 0.75 0.75 0.75  ] 
Surface "matte" 
TransformBegin
Rotate 180 0 1 0 
Disk 0 0.15 360
TransformEnd
Cylinder 0.15 0 0.04 360
Disk 0.04 0.15 360
Cylinder 0.02 0.04 0.08 360
Disk 0.08 0.02 360
Translate 0 0 0.07 
ConcatTransform  [ 0.811481 3.88324e-14 0.584378 0 -7.98873e-15 1 -5.53574e-14 0 -0.584378 4.02531e-14 0.811481 0 0 0 0 1  ] 
Color  [ 0.75 0.75 0.75  ] 
Cylinder 0.02 0 0.2 360
Translate 0 0 0.2 
ConcatTransform  [ -0.485764 4.82148e-14 -0.87409 0 6.7517e-14 1 1.76383e-14 0 0.87409 -5.04479e-14 -0.485764 0 0 0 0 1  ] 
Color  [ 0.75 0.75 0.75  ] 
Cylinder 0.02 0 0.2 360
Translate 0 0 0.2 
ConcatTransform  [ 0.207489 -3.82166e-14 -0.978237 0 -8.64654e-15 1 -4.09008e-14 0 0.978237 1.69448e-14 0.207489 0 0 0 0 1  ] 
Color  [ 0.75 0.75 0.75  ] 
Disk 0.02 0.04 360
Cylinder 0.04 0.02 0.09 360
Hyperboloid 0.04 0 0.09  0.09 0 0.16  360
AttributeEnd
WorldEnd
FrameEnd
FrameBegin 7
Display "f007.tif" "file" "rgb"
Projection "perspective"  "fov" 23 
ConcatTransform  [ 0.990148 -0.00980392 -0.0990148 0 -0.0990148 -0.0980392 -0.990148 0 0 0.990196 -0.0990147 0 0 0 0 1  ] 
Translate -0.2 -2 -0.5 
WorldBegin
LightSource "distantlight" 15  "intensity" 0.75  "from"  [ 1 1 1  ]  "to"  [ 0 0 0  ]  "lightcolor"  [ 1 1 1  ] 
LightSource "ambientlight" 16  "intensity" 0.3 
AttributeBegin
Color  [ 0.691 0.576 0.345  ] 
Surface "wood2" 
TransformBegin
Translate 0 -0.5 0 
ConcatTransform  [ 1 -1 0 0 1 1 0 0 0 0 1 0 0 0 0 1  ] 
Cylinder 0.008 0 0.6 360
TransformEnd
TransformBegin
Translate 0 0.5 0 
ConcatTransform  [ 1 -1 0 0 1 1 0 0 0 0 1 0 0 0 0 1  ] 
Cylinder 0.008 0 0.6 360
TransformEnd
Translate 0 0 0.4 
TransformBegin
Rotate 90 1 0 0 
Surface "wood2" 
TransformEnd
TransformBegin
Translate 0 -0.5 0 
ConcatTransform  [ -1 0 1 0 1 0 1 0 0 1 0 0 0 0 0 1  ] 
Cylinder 0.005 0 1 360
TransformEnd
AttributeEnd
AttributeBegin
TransformBegin
Color [ .65 .65 .5]
Surface "matte" 
Translate 0 0 -0.008 
Scale 0.5 0.5 1
Polygon "P" [ -1 1 0 -1 -1 0 1 -1 0 1 1 0  ] 
TransformEnd
Translate -0.267732 -3.33287e-16 0.0793141 
ConcatTransform  [ 0.934371 -2.00556e-15 0.356301 0 -1.84231e-15 1 1.04601e-14 0 -0.356301 -1.043e-14 0.934371 0 0 0 0 1  ] 
Color  [ 0.75 0.75 0.75  ] 
Surface "matte" 
TransformBegin
Rotate 180 0 1 0 
Disk 0 0.15 360
TransformEnd
Cylinder 0.15 0 0.04 360
Disk 0.04 0.15 360
Cylinder 0.02 0.04 0.08 360
Disk 0.08 0.02 360
Translate 0 0 0.07 
ConcatTransform  [ 0.82672 3.92779e-14 0.562613 0 -1.1101e-14 1 -5.35012e-14 0 -0.562613 3.7985e-14 0.82672 0 0 0 0 1  ] 
Color  [ 0.75 0.75 0.75  ] 
Cylinder 0.02 0 0.2 360
Translate 0 0 0.2 
ConcatTransform  [ -0.639083 5.13088e-14 -0.769137 0 6.56795e-14 1 1.21358e-14 0 0.769137 -4.27607e-14 -0.639083 0 0 0 0 1  ] 
Color  [ 0.75 0.75 0.75  ] 
Cylinder 0.02 0 0.2 360
Translate 0 0 0.2 
ConcatTransform  [ 0.241622 -3.92428e-14 -0.97037 0 -6.47389e-15 1 -4.20531e-14 0 0.97037 1.6443e-14 0.241622 0 0 0 0 1  ] 
Color  [ 0.75 0.75 0.75  ] 
Disk 0.02 0.04 360
Cylinder 0.04 0.02 0.09 360
Hyperboloid 0.04 0 0.09  0.09 0 0.16  360
AttributeEnd
WorldEnd
FrameEnd
FrameBegin 8
Display "f008.tif" "file" "rgb"
Projection "perspective"  "fov" 23 
ConcatTransform  [ 0.990148 -0.00980392 -0.0990148 0 -0.0990148 -0.0980392 -0.990148 0 0 0.990196 -0.0990147 0 0 0 0 1  ] 
Translate -0.2 -2 -0.5 
WorldBegin
LightSource "distantlight" 17  "intensity" 0.75  "from"  [ 1 1 1  ]  "to"  [ 0 0 0  ]  "lightcolor"  [ 1 1 1  ] 
LightSource "ambientlight" 18  "intensity" 0.3 
AttributeBegin
Color  [ 0.691 0.576 0.345  ] 
Surface "wood2" 
TransformBegin
Translate 0 -0.5 0 
ConcatTransform  [ 1 -1 0 0 1 1 0 0 0 0 1 0 0 0 0 1  ] 
Cylinder 0.008 0 0.6 360
TransformEnd
TransformBegin
Translate 0 0.5 0 
ConcatTransform  [ 1 -1 0 0 1 1 0 0 0 0 1 0 0 0 0 1  ] 
Cylinder 0.008 0 0.6 360
TransformEnd
Translate 0 0 0.4 
TransformBegin
Rotate 90 1 0 0 
Surface "wood2" 
TransformEnd
TransformBegin
Translate 0 -0.5 0 
ConcatTransform  [ -1 0 1 0 1 0 1 0 0 1 0 0 0 0 0 1  ] 
Cylinder 0.005 0 1 360
TransformEnd
AttributeEnd
AttributeBegin
TransformBegin
Color [ .65 .65 .5]
Surface "matte" 
Translate 0 0 -0.008 
Scale 0.5 0.5 1
Polygon "P" [ -1 1 0 -1 -1 0 1 -1 0 1 1 0  ] 
TransformEnd
Translate -0.261618 -3.32971e-16 0.0737251 
ConcatTransform  [ 0.931976 -2.17822e-15 0.36252 0 -1.74412e-15 1 1.04924e-14 0 -0.36252 -1.04109e-14 0.931976 0 0 0 0 1  ] 
Color  [ 0.75 0.75 0.75  ] 
Surface "matte" 
TransformBegin
Rotate 180 0 1 0 
Disk 0 0.15 360
TransformEnd
Cylinder 0.15 0 0.04 360
Disk 0.04 0.15 360
Cylinder 0.02 0.04 0.08 360
Disk 0.08 0.02 360
Translate 0 0 0.07 
ConcatTransform  [ 0.793536 4.20551e-14 0.608524 0 -1.21619e-14 1 -5.32504e-14 0 -0.608524 3.48553e-14 0.793536 0 0 0 0 1  ] 
Color  [ 0.75 0.75 0.75  ] 
Cylinder 0.02 0 0.2 360
Translate 0 0 0.2 
ConcatTransform  [ -0.713398 5.29351e-14 -0.700759 0 6.63828e-14 1 7.95969e-15 0 0.700759 -4.08399e-14 -0.713398 0 0 0 0 1  ] 
Color  [ 0.75 0.75 0.75  ] 
Cylinder 0.02 0 0.2 360
Translate 0 0 0.2 
ConcatTransform  [ 0.207638 -3.98587e-14 -0.978206 0 -4.7763e-15 1 -4.17606e-14 0 0.978206 1.33433e-14 0.207638 0 0 0 0 1  ] 
Color  [ 0.75 0.75 0.75  ] 
Disk 0.02 0.04 360
Cylinder 0.04 0.02 0.09 360
Hyperboloid 0.04 0 0.09  0.09 0 0.16  360
AttributeEnd
WorldEnd
FrameEnd
FrameBegin 9
Display "f009.tif" "file" "rgb"
Projection "perspective"  "fov" 23 
ConcatTransform  [ 0.990148 -0.00980392 -0.0990148 0 -0.0990148 -0.0980392 -0.990148 0 0 0.990196 -0.0990147 0 0 0 0 1  ] 
Translate -0.2 -2 -0.5 
WorldBegin
LightSource "distantlight" 19  "intensity" 0.75  "from"  [ 1 1 1  ]  "to"  [ 0 0 0  ]  "lightcolor"  [ 1 1 1  ] 
LightSource "ambientlight" 20  "intensity" 0.3 
AttributeBegin
Color  [ 0.691 0.576 0.345  ] 
Surface "wood2" 
TransformBegin
Translate 0 -0.5 0 
ConcatTransform  [ 1 -1 0 0 1 1 0 0 0 0 1 0 0 0 0 1  ] 
Cylinder 0.008 0 0.6 360
TransformEnd
TransformBegin
Translate 0 0.5 0 
ConcatTransform  [ 1 -1 0 0 1 1 0 0 0 0 1 0 0 0 0 1  ] 
Cylinder 0.008 0 0.6 360
TransformEnd
Translate 0 0 0.4 
TransformBegin
Rotate 90 1 0 0 
Surface "wood2" 
TransformEnd
TransformBegin
Translate 0 -0.5 0 
ConcatTransform  [ -1 0 1 0 1 0 1 0 0 1 0 0 0 0 0 1  ] 
Cylinder 0.005 0 1 360
TransformEnd
AttributeEnd
AttributeBegin
TransformBegin
Color [ .65 .65 .5]
Surface "matte" 
Translate 0 0 -0.008 
Scale 0.5 0.5 1
Polygon "P" [ -1 1 0 -1 -1 0 1 -1 0 1 1 0  ] 
TransformEnd
Translate -0.257443 -3.30624e-16 0.0582429 
ConcatTransform  [ 0.935428 -2.16819e-15 0.353517 0 -1.65017e-15 1 1.04997e-14 0 -0.353517 -1.0405e-14 0.935428 0 0 0 0 1  ] 
Color  [ 0.75 0.75 0.75  ] 
Surface "matte" 
TransformBegin
Rotate 180 0 1 0 
Disk 0 0.15 360
TransformEnd
Cylinder 0.15 0 0.04 360
Disk 0.04 0.15 360
Cylinder 0.02 0.04 0.08 360
Disk 0.08 0.02 360
Translate 0 0 0.07 
ConcatTransform  [ 0.753629 4.44969e-14 0.6573 0 -1.22915e-14 1 -5.36037e-14 0 -0.6573 3.23181e-14 0.753629 0 0 0 0 1  ] 
Color  [ 0.75 0.75 0.75  ] 
Cylinder 0.02 0 0.2 360
Translate 0 0 0.2 
ConcatTransform  [ -0.743171 5.28497e-14 -0.669102 0 6.73103e-14 1 4.22457e-15 0 0.669102 -4.18978e-14 -0.743171 0 0 0 0 1  ] 
Color  [ 0.75 0.75 0.75  ] 
Cylinder 0.02 0 0.2 360
Translate 0 0 0.2 
ConcatTransform  [ 0.211298 -3.96628e-14 -0.977422 0 -5.01876e-15 1 -4.1664e-14 0 0.977422 1.3709e-14 0.211298 0 0 0 0 1  ] 
Color  [ 0.75 0.75 0.75  ] 
Disk 0.02 0.04 360
Cylinder 0.04 0.02 0.09 360
Hyperboloid 0.04 0 0.09  0.09 0 0.16  360
AttributeEnd
WorldEnd
FrameEnd
FrameBegin 10
Display "f010.tif" "file" "rgb"
Projection "perspective"  "fov" 23 
ConcatTransform  [ 0.990148 -0.00980392 -0.0990148 0 -0.0990148 -0.0980392 -0.990148 0 0 0.990196 -0.0990147 0 0 0 0 1  ] 
Translate -0.2 -2 -0.5 
WorldBegin
LightSource "distantlight" 21  "intensity" 0.75  "from"  [ 1 1 1  ]  "to"  [ 0 0 0  ]  "lightcolor"  [ 1 1 1  ] 
LightSource "ambientlight" 22  "intensity" 0.3 
AttributeBegin
Color  [ 0.691 0.576 0.345  ] 
Surface "wood2" 
TransformBegin
Translate 0 -0.5 0 
ConcatTransform  [ 1 -1 0 0 1 1 0 0 0 0 1 0 0 0 0 1  ] 
Cylinder 0.008 0 0.6 360
TransformEnd
TransformBegin
Translate 0 0.5 0 
ConcatTransform  [ 1 -1 0 0 1 1 0 0 0 0 1 0 0 0 0 1  ] 
Cylinder 0.008 0 0.6 360
TransformEnd
Translate 0 0 0.4 
TransformBegin
Rotate 90 1 0 0 
Surface "wood2" 
TransformEnd
TransformBegin
Translate 0 -0.5 0 
ConcatTransform  [ -1 0 1 0 1 0 1 0 0 1 0 0 0 0 0 1  ] 
Cylinder 0.005 0 1 360
TransformEnd
AttributeEnd
AttributeBegin
TransformBegin
Color [ .65 .65 .5]
Surface "matte" 
Translate 0 0 -0.008 
Scale 0.5 0.5 1
Polygon "P" [ -1 1 0 -1 -1 0 1 -1 0 1 1 0  ] 
TransformEnd
Translate -0.256027 -3.16268e-16 0.0372004 
ConcatTransform  [ 0.961175 -1.6887e-15 0.27594 0 -1.34782e-15 1 1.08146e-14 0 -0.27594 -1.07667e-14 0.961175 0 0 0 0 1  ] 
Color  [ 0.75 0.75 0.75  ] 
Surface "matte" 
TransformBegin
Rotate 180 0 1 0 
Disk 0 0.15 360
TransformEnd
Cylinder 0.15 0 0.04 360
Disk 0.04 0.15 360
Cylinder 0.02 0.04 0.08 360
Disk 0.08 0.02 360
Translate 0 0 0.07 
ConcatTransform  [ 0.656833 4.85171e-14 0.754036 0 -1.01225e-14 1 -5.55256e-14 0 -0.754036 2.88383e-14 0.656833 0 0 0 0 1  ] 
Color  [ 0.75 0.75 0.75  ] 
Cylinder 0.02 0 0.2 360
Translate 0 0 0.2 
ConcatTransform  [ -0.754048 5.32543e-14 -0.65682 0 6.97167e-14 1 1.04233e-15 0 0.65682 -4.50054e-14 -0.754048 0 0 0 0 1  ] 
Color  [ 0.75 0.75 0.75  ] 
Cylinder 0.02 0 0.2 360
Translate 0 0 0.2 
ConcatTransform  [ 0.243637 -3.83095e-14 -0.969866 0 -4.46804e-15 1 -4.06222e-14 0 0.969866 1.42305e-14 0.243637 0 0 0 0 1  ] 
Color  [ 0.75 0.75 0.75  ] 
Disk 0.02 0.04 360
Cylinder 0.04 0.02 0.09 360
Hyperboloid 0.04 0 0.09  0.09 0 0.16  360
AttributeEnd
WorldEnd
FrameEnd
FrameBegin 11
Display "f011.tif" "file" "rgb"
Projection "perspective"  "fov" 23 
ConcatTransform  [ 0.990148 -0.00980392 -0.0990148 0 -0.0990148 -0.0980392 -0.990148 0 0 0.990196 -0.0990147 0 0 0 0 1  ] 
Translate -0.2 -2 -0.5 
WorldBegin
LightSource "distantlight" 23  "intensity" 0.75  "from"  [ 1 1 1  ]  "to"  [ 0 0 0  ]  "lightcolor"  [ 1 1 1  ] 
LightSource "ambientlight" 24  "intensity" 0.3 
AttributeBegin
Color  [ 0.691 0.576 0.345  ] 
Surface "wood2" 
TransformBegin
Translate 0 -0.5 0 
ConcatTransform  [ 1 -1 0 0 1 1 0 0 0 0 1 0 0 0 0 1  ] 
Cylinder 0.008 0 0.6 360
TransformEnd
TransformBegin
Translate 0 0.5 0 
ConcatTransform  [ 1 -1 0 0 1 1 0 0 0 0 1 0 0 0 0 1  ] 
Cylinder 0.008 0 0.6 360
TransformEnd
Translate 0 0 0.4 
TransformBegin
Rotate 90 1 0 0 
Surface "wood2" 
TransformEnd
TransformBegin
Translate 0 -0.5 0 
ConcatTransform  [ -1 0 1 0 1 0 1 0 0 1 0 0 0 0 0 1  ] 
Cylinder 0.005 0 1 360
TransformEnd
AttributeEnd
AttributeBegin
TransformBegin
Color [ .65 .65 .5]
Surface "matte" 
Translate 0 0 -0.008 
Scale 0.5 0.5 1
Polygon "P" [ -1 1 0 -1 -1 0 1 -1 0 1 1 0  ] 
TransformEnd
Translate -0.259663 -2.957e-16 0.0172424 
ConcatTransform  [ 0.985554 -4.13233e-16 0.169364 0 -1.55318e-15 1 1.14781e-14 0 -0.169364 -1.15753e-14 0.985554 0 0 0 0 1  ] 
Color  [ 0.75 0.75 0.75  ] 
Surface "matte" 
TransformBegin
Rotate 180 0 1 0 
Disk 0 0.15 360
TransformEnd
Cylinder 0.15 0 0.04 360
Disk 0.04 0.15 360
Cylinder 0.02 0.04 0.08 360
Disk 0.08 0.02 360
Translate 0 0 0.07 
ConcatTransform  [ 0.657829 4.82942e-14 0.753167 0 -3.00308e-15 1 -6.14985e-14 0 -0.753167 3.81937e-14 0.657829 0 0 0 0 1  ] 
Color  [ 0.75 0.75 0.75  ] 
Cylinder 0.02 0 0.2 360
Translate 0 0 0.2 
ConcatTransform  [ -0.736584 5.71575e-14 -0.676347 0 7.42849e-14 1 3.60837e-15 0 0.676347 -4.75845e-14 -0.736584 0 0 0 0 1  ] 
Color  [ 0.75 0.75 0.75  ] 
Cylinder 0.02 0 0.2 360
Translate 0 0 0.2 
ConcatTransform  [ 0.244043 -4.37644e-14 -0.969764 0 -7.38837e-15 1 -4.69882e-14 0 0.969764 1.86321e-14 0.244043 0 0 0 0 1  ] 
Color  [ 0.75 0.75 0.75  ] 
Disk 0.02 0.04 360
Cylinder 0.04 0.02 0.09 360
Hyperboloid 0.04 0 0.09  0.09 0 0.16  360
AttributeEnd
WorldEnd
FrameEnd
FrameBegin 12
Display "f012.tif" "file" "rgb"
Projection "perspective"  "fov" 23 
ConcatTransform  [ 0.990148 -0.00980392 -0.0990148 0 -0.0990148 -0.0980392 -0.990148 0 0 0.990196 -0.0990147 0 0 0 0 1  ] 
Translate -0.2 -2 -0.5 
WorldBegin
LightSource "distantlight" 25  "intensity" 0.75  "from"  [ 1 1 1  ]  "to"  [ 0 0 0  ]  "lightcolor"  [ 1 1 1  ] 
LightSource "ambientlight" 26  "intensity" 0.3 
AttributeBegin
Color  [ 0.691 0.576 0.345  ] 
Surface "wood2" 
TransformBegin
Translate 0 -0.5 0 
ConcatTransform  [ 1 -1 0 0 1 1 0 0 0 0 1 0 0 0 0 1  ] 
Cylinder 0.008 0 0.6 360
TransformEnd
TransformBegin
Translate 0 0.5 0 
ConcatTransform  [ 1 -1 0 0 1 1 0 0 0 0 1 0 0 0 0 1  ] 
Cylinder 0.008 0 0.6 360
TransformEnd
Translate 0 0 0.4 
TransformBegin
Rotate 90 1 0 0 
Surface "wood2" 
TransformEnd
TransformBegin
Translate 0 -0.5 0 
ConcatTransform  [ -1 0 1 0 1 0 1 0 0 1 0 0 0 0 0 1  ] 
Cylinder 0.005 0 1 360
TransformEnd
AttributeEnd
AttributeBegin
TransformBegin
Color [ .65 .65 .5]
Surface "matte" 
Translate 0 0 -0.008 
Scale 0.5 0.5 1
Polygon "P" [ -1 1 0 -1 -1 0 1 -1 0 1 1 0  ] 
TransformEnd
Translate -0.26583 -2.48524e-16 0.00140416 
ConcatTransform  [ 0.99965 5.87178e-16 0.0264365 0 -8.99353e-16 1 1.17966e-14 0 -0.0264365 -1.18163e-14 0.99965 0 0 0 0 1  ] 
Color  [ 0.75 0.75 0.75  ] 
Surface "matte" 
TransformBegin
Rotate 180 0 1 0 
Disk 0 0.15 360
TransformEnd
Cylinder 0.15 0 0.04 360
Disk 0.04 0.15 360
Cylinder 0.02 0.04 0.08 360
Disk 0.08 0.02 360
Translate 0 0 0.07 
ConcatTransform  [ 0.718244 4.50345e-14 0.695792 0 5.25885e-15 1 -7.01527e-14 0 -0.695792 5.40458e-14 0.718244 0 0 0 0 1  ] 
Color  [ 0.75 0.75 0.75  ] 
Cylinder 0.02 0 0.2 360
Translate 0 0 0.2 
ConcatTransform  [ -0.662032 6.11252e-14 -0.749475 0 7.79937e-14 1 1.26634e-14 0 0.749475 -5.00708e-14 -0.662032 0 0 0 0 1  ] 
Color  [ 0.75 0.75 0.75  ] 
Cylinder 0.02 0 0.2 360
Translate 0 0 0.2 
ConcatTransform  [ 0.246812 -5.2037e-14 -0.969063 0 -1.68674e-14 1 -5.79943e-14 0 0.969063 3.06593e-14 0.246812 0 0 0 0 1  ] 
Color  [ 0.75 0.75 0.75  ] 
Disk 0.02 0.04 360
Cylinder 0.04 0.02 0.09 360
Hyperboloid 0.04 0 0.09  0.09 0 0.16  360
AttributeEnd
WorldEnd
FrameEnd
FrameBegin 13
Display "f013.tif" "file" "rgb"
Projection "perspective"  "fov" 23 
ConcatTransform  [ 0.990148 -0.00980392 -0.0990148 0 -0.0990148 -0.0980392 -0.990148 0 0 0.990196 -0.0990147 0 0 0 0 1  ] 
Translate -0.2 -2 -0.5 
WorldBegin
LightSource "distantlight" 27  "intensity" 0.75  "from"  [ 1 1 1  ]  "to"  [ 0 0 0  ]  "lightcolor"  [ 1 1 1  ] 
LightSource "ambientlight" 28  "intensity" 0.3 
AttributeBegin
Color  [ 0.691 0.576 0.345  ] 
Surface "wood2" 
TransformBegin
Translate 0 -0.5 0 
ConcatTransform  [ 1 -1 0 0 1 1 0 0 0 0 1 0 0 0 0 1  ] 
Cylinder 0.008 0 0.6 360
TransformEnd
TransformBegin
Translate 0 0.5 0 
ConcatTransform  [ 1 -1 0 0 1 1 0 0 0 0 1 0 0 0 0 1  ] 
Cylinder 0.008 0 0.6 360
TransformEnd
Translate 0 0 0.4 
TransformBegin
Rotate 90 1 0 0 
Surface "wood2" 
TransformEnd
TransformBegin
Translate 0 -0.5 0 
ConcatTransform  [ -1 0 1 0 1 0 1 0 0 1 0 0 0 0 0 1  ] 
Cylinder 0.005 0 1 360
TransformEnd
AttributeEnd
AttributeBegin
TransformBegin
Color [ .65 .65 .5]
Surface "matte" 
Translate 0 0 -0.008 
Scale 0.5 0.5 1
Polygon "P" [ -1 1 0 -1 -1 0 1 -1 0 1 1 0  ] 
TransformEnd
Translate -0.260854 -2.37546e-16 -0.00109851 
ConcatTransform  [ 0.999195 -5.279e-17 -0.0401128 0 5.47422e-16 1 1.23201e-14 0 0.0401128 -1.23321e-14 0.999195 0 0 0 0 1  ] 
Color  [ 0.75 0.75 0.75  ] 
Surface "matte" 
TransformBegin
Rotate 180 0 1 0 
Disk 0 0.15 360
TransformEnd
Cylinder 0.15 0 0.04 360
Disk 0.04 0.15 360
Cylinder 0.02 0.04 0.08 360
Disk 0.08 0.02 360
Translate 0 0 0.07 
ConcatTransform  [ 0.722433 4.68388e-14 0.691441 0 6.8517e-15 1 -7.48996e-14 0 -0.691441 5.88474e-14 0.722433 0 0 0 0 1  ] 
Color  [ 0.75 0.75 0.75  ] 
Cylinder 0.02 0 0.2 360
Translate 0 0 0.2 
ConcatTransform  [ -0.65092 6.56604e-14 -0.759147 0 7.92334e-14 1 1.85548e-14 0 0.759147 -4.80721e-14 -0.65092 0 0 0 0 1  ] 
Color  [ 0.75 0.75 0.75  ] 
Cylinder 0.02 0 0.2 360
Translate 0 0 0.2 
ConcatTransform  [ 0.367352 -5.01141e-14 -0.930082 0 -1.97271e-14 1 -6.16729e-14 0 0.930082 4.10035e-14 0.367352 0 0 0 0 1  ] 
Color  [ 0.75 0.75 0.75  ] 
Disk 0.02 0.04 360
Cylinder 0.04 0.02 0.09 360
Hyperboloid 0.04 0 0.09  0.09 0 0.16  360
AttributeEnd
WorldEnd
FrameEnd
FrameBegin 14
Display "f014.tif" "file" "rgb"
Projection "perspective"  "fov" 23 
ConcatTransform  [ 0.990148 -0.00980392 -0.0990148 0 -0.0990148 -0.0980392 -0.990148 0 0 0.990196 -0.0990147 0 0 0 0 1  ] 
Translate -0.2 -2 -0.5 
WorldBegin
LightSource "distantlight" 29  "intensity" 0.75  "from"  [ 1 1 1  ]  "to"  [ 0 0 0  ]  "lightcolor"  [ 1 1 1  ] 
LightSource "ambientlight" 30  "intensity" 0.3 
AttributeBegin
Color  [ 0.691 0.576 0.345  ] 
Surface "wood2" 
TransformBegin
Translate 0 -0.5 0 
ConcatTransform  [ 1 -1 0 0 1 1 0 0 0 0 1 0 0 0 0 1  ] 
Cylinder 0.008 0 0.6 360
TransformEnd
TransformBegin
Translate 0 0.5 0 
ConcatTransform  [ 1 -1 0 0 1 1 0 0 0 0 1 0 0 0 0 1  ] 
Cylinder 0.008 0 0.6 360
TransformEnd
Translate 0 0 0.4 
TransformBegin
Rotate 90 1 0 0 
Surface "wood2" 
TransformEnd
TransformBegin
Translate 0 -0.5 0 
ConcatTransform  [ -1 0 1 0 1 0 1 0 0 1 0 0 0 0 0 1  ] 
Cylinder 0.005 0 1 360
TransformEnd
AttributeEnd
AttributeBegin
TransformBegin
Color [ .65 .65 .5]
Surface "matte" 
Translate 0 0 -0.008 
Scale 0.5 0.5 1
Polygon "P" [ -1 1 0 -1 -1 0 1 -1 0 1 1 0  ] 
TransformEnd
Translate -0.260254 -2.83765e-16 -0.00271493 
ConcatTransform  [ 0.999836 4.25377e-16 0.0181109 0 -6.53906e-16 1 1.26124e-14 0 -0.0181109 -1.26222e-14 0.999836 0 0 0 0 1  ] 
Color  [ 0.75 0.75 0.75  ] 
Surface "matte" 
TransformBegin
Rotate 180 0 1 0 
Disk 0 0.15 360
TransformEnd
Cylinder 0.15 0 0.04 360
Disk 0.04 0.15 360
Cylinder 0.02 0.04 0.08 360
Disk 0.08 0.02 360
Translate 0 0 0.07 
ConcatTransform  [ 0.887205 3.61686e-14 0.461376 0 3.28971e-15 1 -8.47188e-14 0 -0.461376 7.66807e-14 0.887205 0 0 0 0 1  ] 
Color  [ 0.75 0.75 0.75  ] 
Cylinder 0.02 0 0.2 360
Translate 0 0 0.2 
ConcatTransform  [ -0.561913 7.06522e-14 -0.827197 0 8.39995e-14 1 2.8351e-14 0 0.827197 -5.35533e-14 -0.561913 0 0 0 0 1  ] 
Color  [ 0.75 0.75 0.75  ] 
Cylinder 0.02 0 0.2 360
Translate 0 0 0.2 
ConcatTransform  [ 0.217942 -6.65078e-14 -0.975962 0 -2.52382e-14 1 -7.37819e-14 0 0.975962 4.07116e-14 0.217942 0 0 0 0 1  ] 
Color  [ 0.75 0.75 0.75  ] 
Disk 0.02 0.04 360
Cylinder 0.04 0.02 0.09 360
Hyperboloid 0.04 0 0.09  0.09 0 0.16  360
AttributeEnd
WorldEnd
FrameEnd
FrameBegin 15
Display "f015.tif" "file" "rgb"
Projection "perspective"  "fov" 23 
ConcatTransform  [ 0.990148 -0.00980392 -0.0990148 0 -0.0990148 -0.0980392 -0.990148 0 0 0.990196 -0.0990147 0 0 0 0 1  ] 
Translate -0.2 -2 -0.5 
WorldBegin
LightSource "distantlight" 31  "intensity" 0.75  "from"  [ 1 1 1  ]  "to"  [ 0 0 0  ]  "lightcolor"  [ 1 1 1  ] 
LightSource "ambientlight" 32  "intensity" 0.3 
AttributeBegin
Color  [ 0.691 0.576 0.345  ] 
Surface "wood2" 
TransformBegin
Translate 0 -0.5 0 
ConcatTransform  [ 1 -1 0 0 1 1 0 0 0 0 1 0 0 0 0 1  ] 
Cylinder 0.008 0 0.6 360
TransformEnd
TransformBegin
Translate 0 0.5 0 
ConcatTransform  [ 1 -1 0 0 1 1 0 0 0 0 1 0 0 0 0 1  ] 
Cylinder 0.008 0 0.6 360
TransformEnd
Translate 0 0 0.4 
TransformBegin
Rotate 90 1 0 0 
Surface "wood2" 
TransformEnd
TransformBegin
Translate 0 -0.5 0 
ConcatTransform  [ -1 0 1 0 1 0 1 0 0 1 0 0 0 0 0 1  ] 
Cylinder 0.005 0 1 360
TransformEnd
AttributeEnd
AttributeBegin
TransformBegin
Color [ .65 .65 .5]
Surface "matte" 
Translate 0 0 -0.008 
Scale 0.5 0.5 1
Polygon "P" [ -1 1 0 -1 -1 0 1 -1 0 1 1 0  ] 
TransformEnd
Translate -0.262573 -3.60526e-16 -0.000184976 
ConcatTransform  [ 0.997714 -1.36635e-15 -0.0675846 0 2.28419e-15 1 1.35033e-14 0 0.0675846 -1.36268e-14 0.997714 0 0 0 0 1  ] 
Color  [ 0.75 0.75 0.75  ] 
Surface "matte" 
TransformBegin
Rotate 180 0 1 0 
Disk 0 0.15 360
TransformEnd
Cylinder 0.15 0 0.04 360
Disk 0.04 0.15 360
Cylinder 0.02 0.04 0.08 360
Disk 0.08 0.02 360
Translate 0 0 0.07 
ConcatTransform  [ 0.918494 4.65697e-14 0.395435 0 -7.08925e-15 1 -1.01302e-13 0 -0.395435 9.02416e-14 0.918494 0 0 0 0 1  ] 
Color  [ 0.75 0.75 0.75  ] 
Cylinder 0.02 0 0.2 360
Translate 0 0 0.2 
ConcatTransform  [ -0.338981 7.24562e-14 -0.940793 0 9.97932e-14 1 4.10592e-14 0 0.940793 -7.99665e-14 -0.338981 0 0 0 0 1  ] 
Color  [ 0.75 0.75 0.75  ] 
Cylinder 0.02 0 0.2 360
Translate 0 0 0.2 
ConcatTransform  [ 0.067312 -7.84767e-14 -0.997732 0 -4.04063e-14 1 -8.13811e-14 0 0.997732 4.57926e-14 0.067312 0 0 0 0 1  ] 
Color  [ 0.75 0.75 0.75  ] 
Disk 0.02 0.04 360
Cylinder 0.04 0.02 0.09 360
Hyperboloid 0.04 0 0.09  0.09 0 0.16  360
AttributeEnd
WorldEnd
FrameEnd
FrameBegin 16
Display "f016.tif" "file" "rgb"
Projection "perspective"  "fov" 23 
ConcatTransform  [ 0.990148 -0.00980392 -0.0990148 0 -0.0990148 -0.0980392 -0.990148 0 0 0.990196 -0.0990147 0 0 0 0 1  ] 
Translate -0.2 -2 -0.5 
WorldBegin
LightSource "distantlight" 33  "intensity" 0.75  "from"  [ 1 1 1  ]  "to"  [ 0 0 0  ]  "lightcolor"  [ 1 1 1  ] 
LightSource "ambientlight" 34  "intensity" 0.3 
AttributeBegin
Color  [ 0.691 0.576 0.345  ] 
Surface "wood2" 
TransformBegin
Translate 0 -0.5 0 
ConcatTransform  [ 1 -1 0 0 1 1 0 0 0 0 1 0 0 0 0 1  ] 
Cylinder 0.008 0 0.6 360
TransformEnd
TransformBegin
Translate 0 0.5 0 
ConcatTransform  [ 1 -1 0 0 1 1 0 0 0 0 1 0 0 0 0 1  ] 
Cylinder 0.008 0 0.6 360
TransformEnd
Translate 0 0 0.4 
TransformBegin
Rotate 90 1 0 0 
Surface "wood2" 
TransformEnd
TransformBegin
Translate 0 -0.5 0 
ConcatTransform  [ -1 0 1 0 1 0 1 0 0 1 0 0 0 0 0 1  ] 
Cylinder 0.005 0 1 360
TransformEnd
AttributeEnd
AttributeBegin
TransformBegin
Color [ .65 .65 .5]
Surface "matte" 
Translate 0 0 -0.008 
Scale 0.5 0.5 1
Polygon "P" [ -1 1 0 -1 -1 0 1 -1 0 1 1 0  ] 
TransformEnd
Translate -0.261185 -3.51909e-16 0.00528012 
ConcatTransform  [ 0.999826 -1.48658e-15 -0.0186424 0 1.74099e-15 1 1.36307e-14 0 0.0186424 -1.36607e-14 0.999826 0 0 0 0 1  ] 
Color  [ 0.75 0.75 0.75  ] 
Surface "matte" 
TransformBegin
Rotate 180 0 1 0 
Disk 0 0.15 360
TransformEnd
Cylinder 0.15 0 0.04 360
Disk 0.04 0.15 360
Cylinder 0.02 0.04 0.08 360
Disk 0.08 0.02 360
Translate 0 0 0.07 
ConcatTransform  [ 0.974774 3.67179e-14 0.223193 0 -1.33241e-14 1 -1.0632e-13 0 -0.223193 1.00665e-13 0.974774 0 0 0 0 1  ] 
Color  [ 0.75 0.75 0.75  ] 
Cylinder 0.02 0 0.2 360
Translate 0 0 0.2 
ConcatTransform  [ -0.0711662 5.9319e-14 -0.997464 0 1.03594e-13 1 5.20786e-14 0 0.997464 -9.96251e-14 -0.0711662 0 0 0 0 1  ] 
Color  [ 0.75 0.75 0.75  ] 
Cylinder 0.02 0 0.2 360
Translate 0 0 0.2 
ConcatTransform  [ 0.0566235 -7.8721e-14 -0.998396 0 -5.68186e-14 1 -8.20699e-14 0 0.998396 6.13746e-14 0.0566235 0 0 0 0 1  ] 
Color  [ 0.75 0.75 0.75  ] 
Disk 0.02 0.04 360
Cylinder 0.04 0.02 0.09 360
Hyperboloid 0.04 0 0.09  0.09 0 0.16  360
AttributeEnd
WorldEnd
FrameEnd
FrameBegin 17
Display "f017.tif" "file" "rgb"
Projection "perspective"  "fov" 23 
ConcatTransform  [ 0.990148 -0.00980392 -0.0990148 0 -0.0990148 -0.0980392 -0.990148 0 0 0.990196 -0.0990147 0 0 0 0 1  ] 
Translate -0.2 -2 -0.5 
WorldBegin
LightSource "distantlight" 35  "intensity" 0.75  "from"  [ 1 1 1  ]  "to"  [ 0 0 0  ]  "lightcolor"  [ 1 1 1  ] 
LightSource "ambientlight" 36  "intensity" 0.3 
AttributeBegin
Color  [ 0.691 0.576 0.345  ] 
Surface "wood2" 
TransformBegin
Translate 0 -0.5 0 
ConcatTransform  [ 1 -1 0 0 1 1 0 0 0 0 1 0 0 0 0 1  ] 
Cylinder 0.008 0 0.6 360
TransformEnd
TransformBegin
Translate 0 0.5 0 
ConcatTransform  [ 1 -1 0 0 1 1 0 0 0 0 1 0 0 0 0 1  ] 
Cylinder 0.008 0 0.6 360
TransformEnd
Translate 0 0 0.4 
TransformBegin
Rotate 90 1 0 0 
Surface "wood2" 
TransformEnd
TransformBegin
Translate 0 -0.5 0 
ConcatTransform  [ -1 0 1 0 1 0 1 0 0 1 0 0 0 0 0 1  ] 
Cylinder 0.005 0 1 360
TransformEnd
AttributeEnd
AttributeBegin
TransformBegin
Color [ .65 .65 .5]
Surface "matte" 
Translate 0 0 -0.008 
Scale 0.5 0.5 1
Polygon "P" [ -1 1 0 -1 -1 0 1 -1 0 1 1 0  ] 
TransformEnd
Translate -0.256749 -4.29236e-16 0.0132003 
ConcatTransform  [ 0.988752 -3.41494e-15 -0.149567 0 5.41944e-15 1 1.29945e-14 0 0.149567 -1.36589e-14 0.988752 0 0 0 0 1  ] 
Color  [ 0.75 0.75 0.75  ] 
Surface "matte" 
TransformBegin
Rotate 180 0 1 0 
Disk 0 0.15 360
TransformEnd
Cylinder 0.15 0 0.04 360
Disk 0.04 0.15 360
Cylinder 0.02 0.04 0.08 360
Disk 0.08 0.02 360
Translate 0 0 0.07 
ConcatTransform  [ 0.937856 5.41973e-14 0.347025 0 -1.76517e-14 1 -1.08472e-13 0 -0.347025 9.56055e-14 0.937856 0 0 0 0 1  ] 
Color  [ 0.75 0.75 0.75  ] 
Cylinder 0.02 0 0.2 360
Translate 0 0 0.2 
ConcatTransform  [ 0.0887192 4.84034e-14 -0.996057 0 1.06861e-13 1 5.81132e-14 0 0.996057 -1.11595e-13 0.0887192 0 0 0 0 1  ] 
Color  [ 0.75 0.75 0.75  ] 
Cylinder 0.02 0 0.2 360
Translate 0 0 0.2 
ConcatTransform  [ 0.12717 -6.13918e-14 -0.991881 0 -5.31652e-14 1 -6.87107e-14 0 0.991881 6.14715e-14 0.12717 0 0 0 0 1  ] 
Color  [ 0.75 0.75 0.75  ] 
Disk 0.02 0.04 360
Cylinder 0.04 0.02 0.09 360
Hyperboloid 0.04 0 0.09  0.09 0 0.16  360
AttributeEnd
WorldEnd
FrameEnd
FrameBegin 18
Display "f018.tif" "file" "rgb"
Projection "perspective"  "fov" 23 
ConcatTransform  [ 0.990148 -0.00980392 -0.0990148 0 -0.0990148 -0.0980392 -0.990148 0 0 0.990196 -0.0990147 0 0 0 0 1  ] 
Translate -0.2 -2 -0.5 
WorldBegin
LightSource "distantlight" 37  "intensity" 0.75  "from"  [ 1 1 1  ]  "to"  [ 0 0 0  ]  "lightcolor"  [ 1 1 1  ] 
LightSource "ambientlight" 38  "intensity" 0.3 
AttributeBegin
Color  [ 0.691 0.576 0.345  ] 
Surface "wood2" 
TransformBegin
Translate 0 -0.5 0 
ConcatTransform  [ 1 -1 0 0 1 1 0 0 0 0 1 0 0 0 0 1  ] 
Cylinder 0.008 0 0.6 360
TransformEnd
TransformBegin
Translate 0 0.5 0 
ConcatTransform  [ 1 -1 0 0 1 1 0 0 0 0 1 0 0 0 0 1  ] 
Cylinder 0.008 0 0.6 360
TransformEnd
Translate 0 0 0.4 
TransformBegin
Rotate 90 1 0 0 
Surface "wood2" 
TransformEnd
TransformBegin
Translate 0 -0.5 0 
